{
 "cells": [
  {
   "cell_type": "markdown",
   "id": "5b0f7002",
   "metadata": {},
   "source": [
    "# Pandas Indexes & Sorting"
   ]
  },
  {
   "cell_type": "markdown",
   "id": "217944d8",
   "metadata": {},
   "source": [
    "## Index Basics"
   ]
  },
  {
   "cell_type": "code",
   "execution_count": 2,
   "id": "8551ca34",
   "metadata": {},
   "outputs": [],
   "source": [
    "import pandas as pd\n",
    "btc = pd.read_csv(\"data/coin_Bitcoin.csv\")"
   ]
  },
  {
   "cell_type": "code",
   "execution_count": 3,
   "id": "26afa87d",
   "metadata": {},
   "outputs": [
    {
     "data": {
      "text/html": [
       "<div>\n",
       "<style scoped>\n",
       "    .dataframe tbody tr th:only-of-type {\n",
       "        vertical-align: middle;\n",
       "    }\n",
       "\n",
       "    .dataframe tbody tr th {\n",
       "        vertical-align: top;\n",
       "    }\n",
       "\n",
       "    .dataframe thead th {\n",
       "        text-align: right;\n",
       "    }\n",
       "</style>\n",
       "<table border=\"1\" class=\"dataframe\">\n",
       "  <thead>\n",
       "    <tr style=\"text-align: right;\">\n",
       "      <th></th>\n",
       "      <th>SNo</th>\n",
       "      <th>Name</th>\n",
       "      <th>Symbol</th>\n",
       "      <th>Date</th>\n",
       "      <th>High</th>\n",
       "      <th>Low</th>\n",
       "      <th>Open</th>\n",
       "      <th>Close</th>\n",
       "      <th>Volume</th>\n",
       "      <th>Marketcap</th>\n",
       "    </tr>\n",
       "  </thead>\n",
       "  <tbody>\n",
       "    <tr>\n",
       "      <th>0</th>\n",
       "      <td>1</td>\n",
       "      <td>Bitcoin</td>\n",
       "      <td>BTC</td>\n",
       "      <td>2013-04-29 23:59:59</td>\n",
       "      <td>147.488007</td>\n",
       "      <td>134.000000</td>\n",
       "      <td>134.444000</td>\n",
       "      <td>144.539993</td>\n",
       "      <td>0.000000e+00</td>\n",
       "      <td>1.603769e+09</td>\n",
       "    </tr>\n",
       "    <tr>\n",
       "      <th>1</th>\n",
       "      <td>2</td>\n",
       "      <td>Bitcoin</td>\n",
       "      <td>BTC</td>\n",
       "      <td>2013-04-30 23:59:59</td>\n",
       "      <td>146.929993</td>\n",
       "      <td>134.050003</td>\n",
       "      <td>144.000000</td>\n",
       "      <td>139.000000</td>\n",
       "      <td>0.000000e+00</td>\n",
       "      <td>1.542813e+09</td>\n",
       "    </tr>\n",
       "    <tr>\n",
       "      <th>2</th>\n",
       "      <td>3</td>\n",
       "      <td>Bitcoin</td>\n",
       "      <td>BTC</td>\n",
       "      <td>2013-05-01 23:59:59</td>\n",
       "      <td>139.889999</td>\n",
       "      <td>107.720001</td>\n",
       "      <td>139.000000</td>\n",
       "      <td>116.989998</td>\n",
       "      <td>0.000000e+00</td>\n",
       "      <td>1.298955e+09</td>\n",
       "    </tr>\n",
       "    <tr>\n",
       "      <th>3</th>\n",
       "      <td>4</td>\n",
       "      <td>Bitcoin</td>\n",
       "      <td>BTC</td>\n",
       "      <td>2013-05-02 23:59:59</td>\n",
       "      <td>125.599998</td>\n",
       "      <td>92.281898</td>\n",
       "      <td>116.379997</td>\n",
       "      <td>105.209999</td>\n",
       "      <td>0.000000e+00</td>\n",
       "      <td>1.168517e+09</td>\n",
       "    </tr>\n",
       "    <tr>\n",
       "      <th>4</th>\n",
       "      <td>5</td>\n",
       "      <td>Bitcoin</td>\n",
       "      <td>BTC</td>\n",
       "      <td>2013-05-03 23:59:59</td>\n",
       "      <td>108.127998</td>\n",
       "      <td>79.099998</td>\n",
       "      <td>106.250000</td>\n",
       "      <td>97.750000</td>\n",
       "      <td>0.000000e+00</td>\n",
       "      <td>1.085995e+09</td>\n",
       "    </tr>\n",
       "    <tr>\n",
       "      <th>...</th>\n",
       "      <td>...</td>\n",
       "      <td>...</td>\n",
       "      <td>...</td>\n",
       "      <td>...</td>\n",
       "      <td>...</td>\n",
       "      <td>...</td>\n",
       "      <td>...</td>\n",
       "      <td>...</td>\n",
       "      <td>...</td>\n",
       "      <td>...</td>\n",
       "    </tr>\n",
       "    <tr>\n",
       "      <th>2986</th>\n",
       "      <td>2987</td>\n",
       "      <td>Bitcoin</td>\n",
       "      <td>BTC</td>\n",
       "      <td>2021-07-02 23:59:59</td>\n",
       "      <td>33939.588699</td>\n",
       "      <td>32770.680780</td>\n",
       "      <td>33549.600177</td>\n",
       "      <td>33897.048590</td>\n",
       "      <td>3.872897e+10</td>\n",
       "      <td>6.354508e+11</td>\n",
       "    </tr>\n",
       "    <tr>\n",
       "      <th>2987</th>\n",
       "      <td>2988</td>\n",
       "      <td>Bitcoin</td>\n",
       "      <td>BTC</td>\n",
       "      <td>2021-07-03 23:59:59</td>\n",
       "      <td>34909.259899</td>\n",
       "      <td>33402.696536</td>\n",
       "      <td>33854.421362</td>\n",
       "      <td>34668.548402</td>\n",
       "      <td>2.438396e+10</td>\n",
       "      <td>6.499397e+11</td>\n",
       "    </tr>\n",
       "    <tr>\n",
       "      <th>2988</th>\n",
       "      <td>2989</td>\n",
       "      <td>Bitcoin</td>\n",
       "      <td>BTC</td>\n",
       "      <td>2021-07-04 23:59:59</td>\n",
       "      <td>35937.567147</td>\n",
       "      <td>34396.477458</td>\n",
       "      <td>34665.564866</td>\n",
       "      <td>35287.779766</td>\n",
       "      <td>2.492431e+10</td>\n",
       "      <td>6.615748e+11</td>\n",
       "    </tr>\n",
       "    <tr>\n",
       "      <th>2989</th>\n",
       "      <td>2990</td>\n",
       "      <td>Bitcoin</td>\n",
       "      <td>BTC</td>\n",
       "      <td>2021-07-05 23:59:59</td>\n",
       "      <td>35284.344430</td>\n",
       "      <td>33213.661034</td>\n",
       "      <td>35284.344430</td>\n",
       "      <td>33746.002456</td>\n",
       "      <td>2.672155e+10</td>\n",
       "      <td>6.326962e+11</td>\n",
       "    </tr>\n",
       "    <tr>\n",
       "      <th>2990</th>\n",
       "      <td>2991</td>\n",
       "      <td>Bitcoin</td>\n",
       "      <td>BTC</td>\n",
       "      <td>2021-07-06 23:59:59</td>\n",
       "      <td>35038.536363</td>\n",
       "      <td>33599.916169</td>\n",
       "      <td>33723.509655</td>\n",
       "      <td>34235.193451</td>\n",
       "      <td>2.650126e+10</td>\n",
       "      <td>6.418992e+11</td>\n",
       "    </tr>\n",
       "  </tbody>\n",
       "</table>\n",
       "<p>2991 rows × 10 columns</p>\n",
       "</div>"
      ],
      "text/plain": [
       "       SNo     Name Symbol                 Date          High           Low  \\\n",
       "0        1  Bitcoin    BTC  2013-04-29 23:59:59    147.488007    134.000000   \n",
       "1        2  Bitcoin    BTC  2013-04-30 23:59:59    146.929993    134.050003   \n",
       "2        3  Bitcoin    BTC  2013-05-01 23:59:59    139.889999    107.720001   \n",
       "3        4  Bitcoin    BTC  2013-05-02 23:59:59    125.599998     92.281898   \n",
       "4        5  Bitcoin    BTC  2013-05-03 23:59:59    108.127998     79.099998   \n",
       "...    ...      ...    ...                  ...           ...           ...   \n",
       "2986  2987  Bitcoin    BTC  2021-07-02 23:59:59  33939.588699  32770.680780   \n",
       "2987  2988  Bitcoin    BTC  2021-07-03 23:59:59  34909.259899  33402.696536   \n",
       "2988  2989  Bitcoin    BTC  2021-07-04 23:59:59  35937.567147  34396.477458   \n",
       "2989  2990  Bitcoin    BTC  2021-07-05 23:59:59  35284.344430  33213.661034   \n",
       "2990  2991  Bitcoin    BTC  2021-07-06 23:59:59  35038.536363  33599.916169   \n",
       "\n",
       "              Open         Close        Volume     Marketcap  \n",
       "0       134.444000    144.539993  0.000000e+00  1.603769e+09  \n",
       "1       144.000000    139.000000  0.000000e+00  1.542813e+09  \n",
       "2       139.000000    116.989998  0.000000e+00  1.298955e+09  \n",
       "3       116.379997    105.209999  0.000000e+00  1.168517e+09  \n",
       "4       106.250000     97.750000  0.000000e+00  1.085995e+09  \n",
       "...            ...           ...           ...           ...  \n",
       "2986  33549.600177  33897.048590  3.872897e+10  6.354508e+11  \n",
       "2987  33854.421362  34668.548402  2.438396e+10  6.499397e+11  \n",
       "2988  34665.564866  35287.779766  2.492431e+10  6.615748e+11  \n",
       "2989  35284.344430  33746.002456  2.672155e+10  6.326962e+11  \n",
       "2990  33723.509655  34235.193451  2.650126e+10  6.418992e+11  \n",
       "\n",
       "[2991 rows x 10 columns]"
      ]
     },
     "execution_count": 3,
     "metadata": {},
     "output_type": "execute_result"
    }
   ],
   "source": [
    "btc"
   ]
  },
  {
   "cell_type": "code",
   "execution_count": 4,
   "id": "bb2d85dd",
   "metadata": {},
   "outputs": [
    {
     "data": {
      "text/html": [
       "<div>\n",
       "<style scoped>\n",
       "    .dataframe tbody tr th:only-of-type {\n",
       "        vertical-align: middle;\n",
       "    }\n",
       "\n",
       "    .dataframe tbody tr th {\n",
       "        vertical-align: top;\n",
       "    }\n",
       "\n",
       "    .dataframe thead th {\n",
       "        text-align: right;\n",
       "    }\n",
       "</style>\n",
       "<table border=\"1\" class=\"dataframe\">\n",
       "  <thead>\n",
       "    <tr style=\"text-align: right;\">\n",
       "      <th></th>\n",
       "      <th>SNo</th>\n",
       "      <th>Name</th>\n",
       "      <th>Symbol</th>\n",
       "      <th>High</th>\n",
       "      <th>Low</th>\n",
       "      <th>Open</th>\n",
       "      <th>Close</th>\n",
       "      <th>Volume</th>\n",
       "      <th>Marketcap</th>\n",
       "    </tr>\n",
       "    <tr>\n",
       "      <th>Date</th>\n",
       "      <th></th>\n",
       "      <th></th>\n",
       "      <th></th>\n",
       "      <th></th>\n",
       "      <th></th>\n",
       "      <th></th>\n",
       "      <th></th>\n",
       "      <th></th>\n",
       "      <th></th>\n",
       "    </tr>\n",
       "  </thead>\n",
       "  <tbody>\n",
       "    <tr>\n",
       "      <th>2013-04-29 23:59:59</th>\n",
       "      <td>1</td>\n",
       "      <td>Bitcoin</td>\n",
       "      <td>BTC</td>\n",
       "      <td>147.488007</td>\n",
       "      <td>134.000000</td>\n",
       "      <td>134.444000</td>\n",
       "      <td>144.539993</td>\n",
       "      <td>0.000000e+00</td>\n",
       "      <td>1.603769e+09</td>\n",
       "    </tr>\n",
       "    <tr>\n",
       "      <th>2013-04-30 23:59:59</th>\n",
       "      <td>2</td>\n",
       "      <td>Bitcoin</td>\n",
       "      <td>BTC</td>\n",
       "      <td>146.929993</td>\n",
       "      <td>134.050003</td>\n",
       "      <td>144.000000</td>\n",
       "      <td>139.000000</td>\n",
       "      <td>0.000000e+00</td>\n",
       "      <td>1.542813e+09</td>\n",
       "    </tr>\n",
       "    <tr>\n",
       "      <th>2013-05-01 23:59:59</th>\n",
       "      <td>3</td>\n",
       "      <td>Bitcoin</td>\n",
       "      <td>BTC</td>\n",
       "      <td>139.889999</td>\n",
       "      <td>107.720001</td>\n",
       "      <td>139.000000</td>\n",
       "      <td>116.989998</td>\n",
       "      <td>0.000000e+00</td>\n",
       "      <td>1.298955e+09</td>\n",
       "    </tr>\n",
       "    <tr>\n",
       "      <th>2013-05-02 23:59:59</th>\n",
       "      <td>4</td>\n",
       "      <td>Bitcoin</td>\n",
       "      <td>BTC</td>\n",
       "      <td>125.599998</td>\n",
       "      <td>92.281898</td>\n",
       "      <td>116.379997</td>\n",
       "      <td>105.209999</td>\n",
       "      <td>0.000000e+00</td>\n",
       "      <td>1.168517e+09</td>\n",
       "    </tr>\n",
       "    <tr>\n",
       "      <th>2013-05-03 23:59:59</th>\n",
       "      <td>5</td>\n",
       "      <td>Bitcoin</td>\n",
       "      <td>BTC</td>\n",
       "      <td>108.127998</td>\n",
       "      <td>79.099998</td>\n",
       "      <td>106.250000</td>\n",
       "      <td>97.750000</td>\n",
       "      <td>0.000000e+00</td>\n",
       "      <td>1.085995e+09</td>\n",
       "    </tr>\n",
       "    <tr>\n",
       "      <th>...</th>\n",
       "      <td>...</td>\n",
       "      <td>...</td>\n",
       "      <td>...</td>\n",
       "      <td>...</td>\n",
       "      <td>...</td>\n",
       "      <td>...</td>\n",
       "      <td>...</td>\n",
       "      <td>...</td>\n",
       "      <td>...</td>\n",
       "    </tr>\n",
       "    <tr>\n",
       "      <th>2021-07-02 23:59:59</th>\n",
       "      <td>2987</td>\n",
       "      <td>Bitcoin</td>\n",
       "      <td>BTC</td>\n",
       "      <td>33939.588699</td>\n",
       "      <td>32770.680780</td>\n",
       "      <td>33549.600177</td>\n",
       "      <td>33897.048590</td>\n",
       "      <td>3.872897e+10</td>\n",
       "      <td>6.354508e+11</td>\n",
       "    </tr>\n",
       "    <tr>\n",
       "      <th>2021-07-03 23:59:59</th>\n",
       "      <td>2988</td>\n",
       "      <td>Bitcoin</td>\n",
       "      <td>BTC</td>\n",
       "      <td>34909.259899</td>\n",
       "      <td>33402.696536</td>\n",
       "      <td>33854.421362</td>\n",
       "      <td>34668.548402</td>\n",
       "      <td>2.438396e+10</td>\n",
       "      <td>6.499397e+11</td>\n",
       "    </tr>\n",
       "    <tr>\n",
       "      <th>2021-07-04 23:59:59</th>\n",
       "      <td>2989</td>\n",
       "      <td>Bitcoin</td>\n",
       "      <td>BTC</td>\n",
       "      <td>35937.567147</td>\n",
       "      <td>34396.477458</td>\n",
       "      <td>34665.564866</td>\n",
       "      <td>35287.779766</td>\n",
       "      <td>2.492431e+10</td>\n",
       "      <td>6.615748e+11</td>\n",
       "    </tr>\n",
       "    <tr>\n",
       "      <th>2021-07-05 23:59:59</th>\n",
       "      <td>2990</td>\n",
       "      <td>Bitcoin</td>\n",
       "      <td>BTC</td>\n",
       "      <td>35284.344430</td>\n",
       "      <td>33213.661034</td>\n",
       "      <td>35284.344430</td>\n",
       "      <td>33746.002456</td>\n",
       "      <td>2.672155e+10</td>\n",
       "      <td>6.326962e+11</td>\n",
       "    </tr>\n",
       "    <tr>\n",
       "      <th>2021-07-06 23:59:59</th>\n",
       "      <td>2991</td>\n",
       "      <td>Bitcoin</td>\n",
       "      <td>BTC</td>\n",
       "      <td>35038.536363</td>\n",
       "      <td>33599.916169</td>\n",
       "      <td>33723.509655</td>\n",
       "      <td>34235.193451</td>\n",
       "      <td>2.650126e+10</td>\n",
       "      <td>6.418992e+11</td>\n",
       "    </tr>\n",
       "  </tbody>\n",
       "</table>\n",
       "<p>2991 rows × 9 columns</p>\n",
       "</div>"
      ],
      "text/plain": [
       "                      SNo     Name Symbol          High           Low  \\\n",
       "Date                                                                    \n",
       "2013-04-29 23:59:59     1  Bitcoin    BTC    147.488007    134.000000   \n",
       "2013-04-30 23:59:59     2  Bitcoin    BTC    146.929993    134.050003   \n",
       "2013-05-01 23:59:59     3  Bitcoin    BTC    139.889999    107.720001   \n",
       "2013-05-02 23:59:59     4  Bitcoin    BTC    125.599998     92.281898   \n",
       "2013-05-03 23:59:59     5  Bitcoin    BTC    108.127998     79.099998   \n",
       "...                   ...      ...    ...           ...           ...   \n",
       "2021-07-02 23:59:59  2987  Bitcoin    BTC  33939.588699  32770.680780   \n",
       "2021-07-03 23:59:59  2988  Bitcoin    BTC  34909.259899  33402.696536   \n",
       "2021-07-04 23:59:59  2989  Bitcoin    BTC  35937.567147  34396.477458   \n",
       "2021-07-05 23:59:59  2990  Bitcoin    BTC  35284.344430  33213.661034   \n",
       "2021-07-06 23:59:59  2991  Bitcoin    BTC  35038.536363  33599.916169   \n",
       "\n",
       "                             Open         Close        Volume     Marketcap  \n",
       "Date                                                                         \n",
       "2013-04-29 23:59:59    134.444000    144.539993  0.000000e+00  1.603769e+09  \n",
       "2013-04-30 23:59:59    144.000000    139.000000  0.000000e+00  1.542813e+09  \n",
       "2013-05-01 23:59:59    139.000000    116.989998  0.000000e+00  1.298955e+09  \n",
       "2013-05-02 23:59:59    116.379997    105.209999  0.000000e+00  1.168517e+09  \n",
       "2013-05-03 23:59:59    106.250000     97.750000  0.000000e+00  1.085995e+09  \n",
       "...                           ...           ...           ...           ...  \n",
       "2021-07-02 23:59:59  33549.600177  33897.048590  3.872897e+10  6.354508e+11  \n",
       "2021-07-03 23:59:59  33854.421362  34668.548402  2.438396e+10  6.499397e+11  \n",
       "2021-07-04 23:59:59  34665.564866  35287.779766  2.492431e+10  6.615748e+11  \n",
       "2021-07-05 23:59:59  35284.344430  33746.002456  2.672155e+10  6.326962e+11  \n",
       "2021-07-06 23:59:59  33723.509655  34235.193451  2.650126e+10  6.418992e+11  \n",
       "\n",
       "[2991 rows x 9 columns]"
      ]
     },
     "execution_count": 4,
     "metadata": {},
     "output_type": "execute_result"
    }
   ],
   "source": [
    "btc.set_index(\"Date\")"
   ]
  },
  {
   "cell_type": "code",
   "execution_count": 5,
   "id": "9a384af0",
   "metadata": {},
   "outputs": [
    {
     "data": {
      "text/html": [
       "<div>\n",
       "<style scoped>\n",
       "    .dataframe tbody tr th:only-of-type {\n",
       "        vertical-align: middle;\n",
       "    }\n",
       "\n",
       "    .dataframe tbody tr th {\n",
       "        vertical-align: top;\n",
       "    }\n",
       "\n",
       "    .dataframe thead th {\n",
       "        text-align: right;\n",
       "    }\n",
       "</style>\n",
       "<table border=\"1\" class=\"dataframe\">\n",
       "  <thead>\n",
       "    <tr style=\"text-align: right;\">\n",
       "      <th></th>\n",
       "      <th>SNo</th>\n",
       "      <th>Name</th>\n",
       "      <th>Symbol</th>\n",
       "      <th>Date</th>\n",
       "      <th>High</th>\n",
       "      <th>Low</th>\n",
       "      <th>Open</th>\n",
       "      <th>Close</th>\n",
       "      <th>Volume</th>\n",
       "      <th>Marketcap</th>\n",
       "    </tr>\n",
       "  </thead>\n",
       "  <tbody>\n",
       "    <tr>\n",
       "      <th>0</th>\n",
       "      <td>1</td>\n",
       "      <td>Bitcoin</td>\n",
       "      <td>BTC</td>\n",
       "      <td>2013-04-29 23:59:59</td>\n",
       "      <td>147.488007</td>\n",
       "      <td>134.000000</td>\n",
       "      <td>134.444000</td>\n",
       "      <td>144.539993</td>\n",
       "      <td>0.000000e+00</td>\n",
       "      <td>1.603769e+09</td>\n",
       "    </tr>\n",
       "    <tr>\n",
       "      <th>1</th>\n",
       "      <td>2</td>\n",
       "      <td>Bitcoin</td>\n",
       "      <td>BTC</td>\n",
       "      <td>2013-04-30 23:59:59</td>\n",
       "      <td>146.929993</td>\n",
       "      <td>134.050003</td>\n",
       "      <td>144.000000</td>\n",
       "      <td>139.000000</td>\n",
       "      <td>0.000000e+00</td>\n",
       "      <td>1.542813e+09</td>\n",
       "    </tr>\n",
       "    <tr>\n",
       "      <th>2</th>\n",
       "      <td>3</td>\n",
       "      <td>Bitcoin</td>\n",
       "      <td>BTC</td>\n",
       "      <td>2013-05-01 23:59:59</td>\n",
       "      <td>139.889999</td>\n",
       "      <td>107.720001</td>\n",
       "      <td>139.000000</td>\n",
       "      <td>116.989998</td>\n",
       "      <td>0.000000e+00</td>\n",
       "      <td>1.298955e+09</td>\n",
       "    </tr>\n",
       "    <tr>\n",
       "      <th>3</th>\n",
       "      <td>4</td>\n",
       "      <td>Bitcoin</td>\n",
       "      <td>BTC</td>\n",
       "      <td>2013-05-02 23:59:59</td>\n",
       "      <td>125.599998</td>\n",
       "      <td>92.281898</td>\n",
       "      <td>116.379997</td>\n",
       "      <td>105.209999</td>\n",
       "      <td>0.000000e+00</td>\n",
       "      <td>1.168517e+09</td>\n",
       "    </tr>\n",
       "    <tr>\n",
       "      <th>4</th>\n",
       "      <td>5</td>\n",
       "      <td>Bitcoin</td>\n",
       "      <td>BTC</td>\n",
       "      <td>2013-05-03 23:59:59</td>\n",
       "      <td>108.127998</td>\n",
       "      <td>79.099998</td>\n",
       "      <td>106.250000</td>\n",
       "      <td>97.750000</td>\n",
       "      <td>0.000000e+00</td>\n",
       "      <td>1.085995e+09</td>\n",
       "    </tr>\n",
       "    <tr>\n",
       "      <th>...</th>\n",
       "      <td>...</td>\n",
       "      <td>...</td>\n",
       "      <td>...</td>\n",
       "      <td>...</td>\n",
       "      <td>...</td>\n",
       "      <td>...</td>\n",
       "      <td>...</td>\n",
       "      <td>...</td>\n",
       "      <td>...</td>\n",
       "      <td>...</td>\n",
       "    </tr>\n",
       "    <tr>\n",
       "      <th>2986</th>\n",
       "      <td>2987</td>\n",
       "      <td>Bitcoin</td>\n",
       "      <td>BTC</td>\n",
       "      <td>2021-07-02 23:59:59</td>\n",
       "      <td>33939.588699</td>\n",
       "      <td>32770.680780</td>\n",
       "      <td>33549.600177</td>\n",
       "      <td>33897.048590</td>\n",
       "      <td>3.872897e+10</td>\n",
       "      <td>6.354508e+11</td>\n",
       "    </tr>\n",
       "    <tr>\n",
       "      <th>2987</th>\n",
       "      <td>2988</td>\n",
       "      <td>Bitcoin</td>\n",
       "      <td>BTC</td>\n",
       "      <td>2021-07-03 23:59:59</td>\n",
       "      <td>34909.259899</td>\n",
       "      <td>33402.696536</td>\n",
       "      <td>33854.421362</td>\n",
       "      <td>34668.548402</td>\n",
       "      <td>2.438396e+10</td>\n",
       "      <td>6.499397e+11</td>\n",
       "    </tr>\n",
       "    <tr>\n",
       "      <th>2988</th>\n",
       "      <td>2989</td>\n",
       "      <td>Bitcoin</td>\n",
       "      <td>BTC</td>\n",
       "      <td>2021-07-04 23:59:59</td>\n",
       "      <td>35937.567147</td>\n",
       "      <td>34396.477458</td>\n",
       "      <td>34665.564866</td>\n",
       "      <td>35287.779766</td>\n",
       "      <td>2.492431e+10</td>\n",
       "      <td>6.615748e+11</td>\n",
       "    </tr>\n",
       "    <tr>\n",
       "      <th>2989</th>\n",
       "      <td>2990</td>\n",
       "      <td>Bitcoin</td>\n",
       "      <td>BTC</td>\n",
       "      <td>2021-07-05 23:59:59</td>\n",
       "      <td>35284.344430</td>\n",
       "      <td>33213.661034</td>\n",
       "      <td>35284.344430</td>\n",
       "      <td>33746.002456</td>\n",
       "      <td>2.672155e+10</td>\n",
       "      <td>6.326962e+11</td>\n",
       "    </tr>\n",
       "    <tr>\n",
       "      <th>2990</th>\n",
       "      <td>2991</td>\n",
       "      <td>Bitcoin</td>\n",
       "      <td>BTC</td>\n",
       "      <td>2021-07-06 23:59:59</td>\n",
       "      <td>35038.536363</td>\n",
       "      <td>33599.916169</td>\n",
       "      <td>33723.509655</td>\n",
       "      <td>34235.193451</td>\n",
       "      <td>2.650126e+10</td>\n",
       "      <td>6.418992e+11</td>\n",
       "    </tr>\n",
       "  </tbody>\n",
       "</table>\n",
       "<p>2991 rows × 10 columns</p>\n",
       "</div>"
      ],
      "text/plain": [
       "       SNo     Name Symbol                 Date          High           Low  \\\n",
       "0        1  Bitcoin    BTC  2013-04-29 23:59:59    147.488007    134.000000   \n",
       "1        2  Bitcoin    BTC  2013-04-30 23:59:59    146.929993    134.050003   \n",
       "2        3  Bitcoin    BTC  2013-05-01 23:59:59    139.889999    107.720001   \n",
       "3        4  Bitcoin    BTC  2013-05-02 23:59:59    125.599998     92.281898   \n",
       "4        5  Bitcoin    BTC  2013-05-03 23:59:59    108.127998     79.099998   \n",
       "...    ...      ...    ...                  ...           ...           ...   \n",
       "2986  2987  Bitcoin    BTC  2021-07-02 23:59:59  33939.588699  32770.680780   \n",
       "2987  2988  Bitcoin    BTC  2021-07-03 23:59:59  34909.259899  33402.696536   \n",
       "2988  2989  Bitcoin    BTC  2021-07-04 23:59:59  35937.567147  34396.477458   \n",
       "2989  2990  Bitcoin    BTC  2021-07-05 23:59:59  35284.344430  33213.661034   \n",
       "2990  2991  Bitcoin    BTC  2021-07-06 23:59:59  35038.536363  33599.916169   \n",
       "\n",
       "              Open         Close        Volume     Marketcap  \n",
       "0       134.444000    144.539993  0.000000e+00  1.603769e+09  \n",
       "1       144.000000    139.000000  0.000000e+00  1.542813e+09  \n",
       "2       139.000000    116.989998  0.000000e+00  1.298955e+09  \n",
       "3       116.379997    105.209999  0.000000e+00  1.168517e+09  \n",
       "4       106.250000     97.750000  0.000000e+00  1.085995e+09  \n",
       "...            ...           ...           ...           ...  \n",
       "2986  33549.600177  33897.048590  3.872897e+10  6.354508e+11  \n",
       "2987  33854.421362  34668.548402  2.438396e+10  6.499397e+11  \n",
       "2988  34665.564866  35287.779766  2.492431e+10  6.615748e+11  \n",
       "2989  35284.344430  33746.002456  2.672155e+10  6.326962e+11  \n",
       "2990  33723.509655  34235.193451  2.650126e+10  6.418992e+11  \n",
       "\n",
       "[2991 rows x 10 columns]"
      ]
     },
     "execution_count": 5,
     "metadata": {},
     "output_type": "execute_result"
    }
   ],
   "source": [
    "btc"
   ]
  },
  {
   "cell_type": "code",
   "execution_count": 6,
   "id": "299fd202",
   "metadata": {},
   "outputs": [],
   "source": [
    "btc.set_index(\"Date\", inplace=True)"
   ]
  },
  {
   "cell_type": "code",
   "execution_count": 7,
   "id": "7581e279",
   "metadata": {},
   "outputs": [
    {
     "data": {
      "text/html": [
       "<div>\n",
       "<style scoped>\n",
       "    .dataframe tbody tr th:only-of-type {\n",
       "        vertical-align: middle;\n",
       "    }\n",
       "\n",
       "    .dataframe tbody tr th {\n",
       "        vertical-align: top;\n",
       "    }\n",
       "\n",
       "    .dataframe thead th {\n",
       "        text-align: right;\n",
       "    }\n",
       "</style>\n",
       "<table border=\"1\" class=\"dataframe\">\n",
       "  <thead>\n",
       "    <tr style=\"text-align: right;\">\n",
       "      <th></th>\n",
       "      <th>SNo</th>\n",
       "      <th>Name</th>\n",
       "      <th>Symbol</th>\n",
       "      <th>High</th>\n",
       "      <th>Low</th>\n",
       "      <th>Open</th>\n",
       "      <th>Close</th>\n",
       "      <th>Volume</th>\n",
       "      <th>Marketcap</th>\n",
       "    </tr>\n",
       "    <tr>\n",
       "      <th>Date</th>\n",
       "      <th></th>\n",
       "      <th></th>\n",
       "      <th></th>\n",
       "      <th></th>\n",
       "      <th></th>\n",
       "      <th></th>\n",
       "      <th></th>\n",
       "      <th></th>\n",
       "      <th></th>\n",
       "    </tr>\n",
       "  </thead>\n",
       "  <tbody>\n",
       "    <tr>\n",
       "      <th>2013-04-29 23:59:59</th>\n",
       "      <td>1</td>\n",
       "      <td>Bitcoin</td>\n",
       "      <td>BTC</td>\n",
       "      <td>147.488007</td>\n",
       "      <td>134.000000</td>\n",
       "      <td>134.444000</td>\n",
       "      <td>144.539993</td>\n",
       "      <td>0.000000e+00</td>\n",
       "      <td>1.603769e+09</td>\n",
       "    </tr>\n",
       "    <tr>\n",
       "      <th>2013-04-30 23:59:59</th>\n",
       "      <td>2</td>\n",
       "      <td>Bitcoin</td>\n",
       "      <td>BTC</td>\n",
       "      <td>146.929993</td>\n",
       "      <td>134.050003</td>\n",
       "      <td>144.000000</td>\n",
       "      <td>139.000000</td>\n",
       "      <td>0.000000e+00</td>\n",
       "      <td>1.542813e+09</td>\n",
       "    </tr>\n",
       "    <tr>\n",
       "      <th>2013-05-01 23:59:59</th>\n",
       "      <td>3</td>\n",
       "      <td>Bitcoin</td>\n",
       "      <td>BTC</td>\n",
       "      <td>139.889999</td>\n",
       "      <td>107.720001</td>\n",
       "      <td>139.000000</td>\n",
       "      <td>116.989998</td>\n",
       "      <td>0.000000e+00</td>\n",
       "      <td>1.298955e+09</td>\n",
       "    </tr>\n",
       "    <tr>\n",
       "      <th>2013-05-02 23:59:59</th>\n",
       "      <td>4</td>\n",
       "      <td>Bitcoin</td>\n",
       "      <td>BTC</td>\n",
       "      <td>125.599998</td>\n",
       "      <td>92.281898</td>\n",
       "      <td>116.379997</td>\n",
       "      <td>105.209999</td>\n",
       "      <td>0.000000e+00</td>\n",
       "      <td>1.168517e+09</td>\n",
       "    </tr>\n",
       "    <tr>\n",
       "      <th>2013-05-03 23:59:59</th>\n",
       "      <td>5</td>\n",
       "      <td>Bitcoin</td>\n",
       "      <td>BTC</td>\n",
       "      <td>108.127998</td>\n",
       "      <td>79.099998</td>\n",
       "      <td>106.250000</td>\n",
       "      <td>97.750000</td>\n",
       "      <td>0.000000e+00</td>\n",
       "      <td>1.085995e+09</td>\n",
       "    </tr>\n",
       "    <tr>\n",
       "      <th>...</th>\n",
       "      <td>...</td>\n",
       "      <td>...</td>\n",
       "      <td>...</td>\n",
       "      <td>...</td>\n",
       "      <td>...</td>\n",
       "      <td>...</td>\n",
       "      <td>...</td>\n",
       "      <td>...</td>\n",
       "      <td>...</td>\n",
       "    </tr>\n",
       "    <tr>\n",
       "      <th>2021-07-02 23:59:59</th>\n",
       "      <td>2987</td>\n",
       "      <td>Bitcoin</td>\n",
       "      <td>BTC</td>\n",
       "      <td>33939.588699</td>\n",
       "      <td>32770.680780</td>\n",
       "      <td>33549.600177</td>\n",
       "      <td>33897.048590</td>\n",
       "      <td>3.872897e+10</td>\n",
       "      <td>6.354508e+11</td>\n",
       "    </tr>\n",
       "    <tr>\n",
       "      <th>2021-07-03 23:59:59</th>\n",
       "      <td>2988</td>\n",
       "      <td>Bitcoin</td>\n",
       "      <td>BTC</td>\n",
       "      <td>34909.259899</td>\n",
       "      <td>33402.696536</td>\n",
       "      <td>33854.421362</td>\n",
       "      <td>34668.548402</td>\n",
       "      <td>2.438396e+10</td>\n",
       "      <td>6.499397e+11</td>\n",
       "    </tr>\n",
       "    <tr>\n",
       "      <th>2021-07-04 23:59:59</th>\n",
       "      <td>2989</td>\n",
       "      <td>Bitcoin</td>\n",
       "      <td>BTC</td>\n",
       "      <td>35937.567147</td>\n",
       "      <td>34396.477458</td>\n",
       "      <td>34665.564866</td>\n",
       "      <td>35287.779766</td>\n",
       "      <td>2.492431e+10</td>\n",
       "      <td>6.615748e+11</td>\n",
       "    </tr>\n",
       "    <tr>\n",
       "      <th>2021-07-05 23:59:59</th>\n",
       "      <td>2990</td>\n",
       "      <td>Bitcoin</td>\n",
       "      <td>BTC</td>\n",
       "      <td>35284.344430</td>\n",
       "      <td>33213.661034</td>\n",
       "      <td>35284.344430</td>\n",
       "      <td>33746.002456</td>\n",
       "      <td>2.672155e+10</td>\n",
       "      <td>6.326962e+11</td>\n",
       "    </tr>\n",
       "    <tr>\n",
       "      <th>2021-07-06 23:59:59</th>\n",
       "      <td>2991</td>\n",
       "      <td>Bitcoin</td>\n",
       "      <td>BTC</td>\n",
       "      <td>35038.536363</td>\n",
       "      <td>33599.916169</td>\n",
       "      <td>33723.509655</td>\n",
       "      <td>34235.193451</td>\n",
       "      <td>2.650126e+10</td>\n",
       "      <td>6.418992e+11</td>\n",
       "    </tr>\n",
       "  </tbody>\n",
       "</table>\n",
       "<p>2991 rows × 9 columns</p>\n",
       "</div>"
      ],
      "text/plain": [
       "                      SNo     Name Symbol          High           Low  \\\n",
       "Date                                                                    \n",
       "2013-04-29 23:59:59     1  Bitcoin    BTC    147.488007    134.000000   \n",
       "2013-04-30 23:59:59     2  Bitcoin    BTC    146.929993    134.050003   \n",
       "2013-05-01 23:59:59     3  Bitcoin    BTC    139.889999    107.720001   \n",
       "2013-05-02 23:59:59     4  Bitcoin    BTC    125.599998     92.281898   \n",
       "2013-05-03 23:59:59     5  Bitcoin    BTC    108.127998     79.099998   \n",
       "...                   ...      ...    ...           ...           ...   \n",
       "2021-07-02 23:59:59  2987  Bitcoin    BTC  33939.588699  32770.680780   \n",
       "2021-07-03 23:59:59  2988  Bitcoin    BTC  34909.259899  33402.696536   \n",
       "2021-07-04 23:59:59  2989  Bitcoin    BTC  35937.567147  34396.477458   \n",
       "2021-07-05 23:59:59  2990  Bitcoin    BTC  35284.344430  33213.661034   \n",
       "2021-07-06 23:59:59  2991  Bitcoin    BTC  35038.536363  33599.916169   \n",
       "\n",
       "                             Open         Close        Volume     Marketcap  \n",
       "Date                                                                         \n",
       "2013-04-29 23:59:59    134.444000    144.539993  0.000000e+00  1.603769e+09  \n",
       "2013-04-30 23:59:59    144.000000    139.000000  0.000000e+00  1.542813e+09  \n",
       "2013-05-01 23:59:59    139.000000    116.989998  0.000000e+00  1.298955e+09  \n",
       "2013-05-02 23:59:59    116.379997    105.209999  0.000000e+00  1.168517e+09  \n",
       "2013-05-03 23:59:59    106.250000     97.750000  0.000000e+00  1.085995e+09  \n",
       "...                           ...           ...           ...           ...  \n",
       "2021-07-02 23:59:59  33549.600177  33897.048590  3.872897e+10  6.354508e+11  \n",
       "2021-07-03 23:59:59  33854.421362  34668.548402  2.438396e+10  6.499397e+11  \n",
       "2021-07-04 23:59:59  34665.564866  35287.779766  2.492431e+10  6.615748e+11  \n",
       "2021-07-05 23:59:59  35284.344430  33746.002456  2.672155e+10  6.326962e+11  \n",
       "2021-07-06 23:59:59  33723.509655  34235.193451  2.650126e+10  6.418992e+11  \n",
       "\n",
       "[2991 rows x 9 columns]"
      ]
     },
     "execution_count": 7,
     "metadata": {},
     "output_type": "execute_result"
    }
   ],
   "source": [
    "btc"
   ]
  },
  {
   "cell_type": "code",
   "execution_count": 8,
   "id": "10a6cd37",
   "metadata": {},
   "outputs": [
    {
     "data": {
      "text/plain": [
       "Index(['2013-04-29 23:59:59', '2013-04-30 23:59:59', '2013-05-01 23:59:59',\n",
       "       '2013-05-02 23:59:59', '2013-05-03 23:59:59', '2013-05-04 23:59:59',\n",
       "       '2013-05-05 23:59:59', '2013-05-06 23:59:59', '2013-05-07 23:59:59',\n",
       "       '2013-05-08 23:59:59',\n",
       "       ...\n",
       "       '2021-06-27 23:59:59', '2021-06-28 23:59:59', '2021-06-29 23:59:59',\n",
       "       '2021-06-30 23:59:59', '2021-07-01 23:59:59', '2021-07-02 23:59:59',\n",
       "       '2021-07-03 23:59:59', '2021-07-04 23:59:59', '2021-07-05 23:59:59',\n",
       "       '2021-07-06 23:59:59'],\n",
       "      dtype='object', name='Date', length=2991)"
      ]
     },
     "execution_count": 8,
     "metadata": {},
     "output_type": "execute_result"
    }
   ],
   "source": [
    "btc.index"
   ]
  },
  {
   "cell_type": "code",
   "execution_count": 9,
   "id": "ce60537a",
   "metadata": {},
   "outputs": [
    {
     "data": {
      "text/plain": [
       "Date\n",
       "2013-04-29 23:59:59      147.488007\n",
       "2013-04-30 23:59:59      146.929993\n",
       "2013-05-01 23:59:59      139.889999\n",
       "2013-05-02 23:59:59      125.599998\n",
       "2013-05-03 23:59:59      108.127998\n",
       "                           ...     \n",
       "2021-07-02 23:59:59    33939.588699\n",
       "2021-07-03 23:59:59    34909.259899\n",
       "2021-07-04 23:59:59    35937.567147\n",
       "2021-07-05 23:59:59    35284.344430\n",
       "2021-07-06 23:59:59    35038.536363\n",
       "Name: High, Length: 2991, dtype: float64"
      ]
     },
     "execution_count": 9,
     "metadata": {},
     "output_type": "execute_result"
    }
   ],
   "source": [
    "btc.High"
   ]
  },
  {
   "cell_type": "code",
   "execution_count": 10,
   "id": "fa19c61a",
   "metadata": {},
   "outputs": [
    {
     "data": {
      "text/plain": [
       "<AxesSubplot:xlabel='Date'>"
      ]
     },
     "execution_count": 10,
     "metadata": {},
     "output_type": "execute_result"
    },
    {
     "data": {
